-14       14
 28       13
 87       12
 57       11
-77       10
 13       9
 52       8
 53       7
 58       6
-22       5
-45       4
 51       3
-37       2
-81       1
 19       0

  -   -
  a   b
-14       14
 28       13
 87       12
 57       11
-77       10
 13       9
 52       8
 53       7
 58       6
-22       5
-45       4
 51       3
-37       2
-81       1
 19       0

  -   -
  a   b
-->ret: d
rra
rra
pb
 19       13
-14       12
 28       11
 87       10
 57       9
-77       8
 13       7
 52       6
 53       5
 58       4
-22       3
-45       2
 51       1
-37 -81   0

  -   -
  a   b
-->ret: e
rra
pb
 19       12
-14       11
 28       10
 87       9
 57       8
-77       7
 13       6
 52       5
 53       4
 58       3
-22       2
-45 -37   1
 51 -81   0

  -   -
  a   b
-->ret: b
ra
pb
 28       11
 87       10
 57       9
-77       8
 13       7
 52       6
 53       5
 58       4
-22       3
-45 -14   2
 51 -37   1
 19 -81   0

  -   -
  a   b
-->ret: e
rra
pb
 28       10
 87       9
 57       8
-77       7
 13       6
 52       5
 53       4
 58  19   3
-22 -14   2
-45 -37   1
 51 -81   0

  -   -
  a   b
-->ret: a
pb
 87       9
 57       8
-77       7
 13       6
 52       5
 53  28   4
 58  19   3
-22 -14   2
-45 -37   1
 51 -81   0

  -   -
  a   b
-->ret: e
rra
pb
 87       8
 57       7
-77       6
 13  51   5
 52  28   4
 53  19   3
 58 -14   2
-22 -37   1
-45 -81   0

  -   -
  a   b
-->ret: b
ra
pb
-77       7
 13  57   6
 52  51   5
 53  28   4
 58  19   3
-22 -14   2
-45 -37   1
 87 -81   0

  -   -
  a   b
-->ret: e
rra
pb
     87   7
-77  57   6
 13  51   5
 52  28   4
 53  19   3
 58 -14   2
-22 -37   1
-45 -81   0

  -   -
  a   b
-->ret: 
pb
    -77   8
     87   7
     57   6
 13  51   5
 52  28   4
 53  19   3
 58 -14   2
-22 -37   1
-45 -81   0

  -   -
  a   b
-->ret: e
rra
pb
    -45   9
    -77   8
     87   7
     57   6
     51   5
 13  28   4
 52  19   3
 53 -14   2
 58 -37   1
-22 -81   0

  -   -
  a   b
-->ret: e
rra
pb
    -22   10
    -45   9
    -77   8
     87   7
     57   6
     51   5
     28   4
 13  19   3
 52 -14   2
 53 -37   1
 58 -81   0

  -   -
  a   b
-->ret: a
pb
     13   11
    -22   10
    -45   9
    -77   8
     87   7
     57   6
     51   5
     28   4
     19   3
 52 -14   2
 53 -37   1
 58 -81   0

  -   -
  a   b
pa
    -22   10
    -45   9
    -77   8
     87   7
     57   6
     51   5
     28   4
 13  19   3
 52 -14   2
 53 -37   1
 58 -81   0

  -   -
  a   b
pa
    -45   9
    -77   8
     87   7
     57   6
     51   5
-22  28   4
 13  19   3
 52 -14   2
 53 -37   1
 58 -81   0

  -   -
  a   b
pa
    -77   8
     87   7
     57   6
-45  51   5
-22  28   4
 13  19   3
 52 -14   2
 53 -37   1
 58 -81   0

  -   -
  a   b
pa
     87   7
-77  57   6
-45  51   5
-22  28   4
 13  19   3
 52 -14   2
 53 -37   1
 58 -81   0

  -   -
  a   b
pa
 87       7
-77  57   6
-45  51   5
-22  28   4
 13  19   3
 52 -14   2
 53 -37   1
 58 -81   0

  -   -
  a   b
rra
pa
 57       8
 58       7
 87       6
-77  51   5
-45  28   4
-22  19   3
 13 -14   2
 52 -37   1
 53 -81   0

  -   -
  a   b
rra
rra
pa
 51       9
 52       8
 53       7
 57       6
 58       5
 87  28   4
-77  19   3
-45 -14   2
-22 -37   1
 13 -81   0

  -   -
  a   b
pa
 28       10
 51       9
 52       8
 53       7
 57       6
 58       5
 87       4
-77  19   3
-45 -14   2
-22 -37   1
 13 -81   0

  -   -
  a   b
pa
 19       11
 28       10
 51       9
 52       8
 53       7
 57       6
 58       5
 87       4
-77       3
-45 -14   2
-22 -37   1
 13 -81   0

  -   -
  a   b
rra
pa
-14       12
 13       11
 19       10
 28       9
 51       8
 52       7
 53       6
 57       5
 58       4
 87       3
-77       2
-45 -37   1
-22 -81   0

  -   -
  a   b
rra
pa
-37       13
-22       12
-14       11
 13       10
 19       9
 28       8
 51       7
 52       6
 53       5
 57       4
 58       3
 87       2
-77       1
-45 -81   0

  -   -
  a   b
rra
rra
pa
-81       14
-77       13
-45       12
-37       11
-22       10
-14       9
 13       8
 19       7
 28       6
 51       5
 52       4
 53       3
 57       2
 58       1
 87       0

  -   -
  a   b
operatii - 41
